{
 "cells": [
  {
   "cell_type": "code",
   "execution_count": 54,
   "metadata": {
    "id": "3jeFut4c9ml6"
   },
   "outputs": [],
   "source": [
    "#pip install https://sparkflows-release.s3.amazonaws.com/fire/jupyter-docker/firenotebookwheel/fire_notebook-3.1.0-py3-none-any.whl"
   ]
  },
  {
   "cell_type": "code",
   "execution_count": 55,
   "metadata": {
    "id": "Fah-M68K-73i"
   },
   "outputs": [],
   "source": [
    "#!pip install pyspark\n",
    "#import pyspark"
   ]
  },
  {
   "cell_type": "code",
   "execution_count": 56,
   "metadata": {
    "id": "PQhEgY2iu7Js"
   },
   "outputs": [
    {
     "name": "stdout",
     "output_type": "stream",
     "text": [
      "WebserverURL:-f\n",
      "jobId:C:\\Users\\NMBR-1XNW4N3\\AppData\\Roaming\\jupyter\\runtime\\kernel-4ccfdb39-a2da-4043-adbf-c60b058bc10d.json\n",
      "Sending Message: {\"progress\": \"20\", \"id\": 9, \"name\": \"Progress\", \"title\": \"Progress\", \"type\": \"progress\", \"resultType\": 3, \"visibility\": \"EXPANDED\", \"time\": \"Aug 13, 2025 06:18:15 PM\"}\n",
      "Not sending message to fire_notebook server as the post back URL is not http\n",
      "Summary Statistics for Filtered Data:\n",
      "        total_day_minutes  total_day_calls  total_day_charge  total_eve_calls  \\\n",
      "count           5000.000         5000.000          5000.000         5000.000   \n",
      "mean             180.289          100.029            30.650          100.191   \n",
      "min                0.000            0.000             0.000            0.000   \n",
      "max              351.500          165.000            59.760          170.000   \n",
      "std               53.895           19.831             9.162           19.826   \n",
      "var             2904.639          393.276            83.944          393.090   \n",
      "\n",
      "       number_vmail_messages  total_eve_minutes  total_eve_charge  \\\n",
      "count               5000.000           5000.000          5000.000   \n",
      "mean                   7.755            200.637            17.054   \n",
      "min                    0.000              0.000             0.000   \n",
      "max                   52.000            363.700            30.910   \n",
      "std                   13.546             50.551             4.297   \n",
      "var                  183.505           2555.435            18.463   \n",
      "\n",
      "       total_night_minutes  total_night_calls  total_night_charge  \\\n",
      "count             5000.000           5000.000            5000.000   \n",
      "mean               200.392             99.919               9.018   \n",
      "min                  0.000              0.000               0.000   \n",
      "max                395.000            175.000              17.770   \n",
      "std                 50.528             19.959               2.274   \n",
      "var               2553.057            398.349               5.170   \n",
      "\n",
      "       total_intl_minutes  total_intl_calls  total_intl_charge  \\\n",
      "count            5000.000          5000.000           5000.000   \n",
      "mean               10.262             4.435              2.771   \n",
      "min                 0.000             0.000              0.000   \n",
      "max                20.000            20.000              5.400   \n",
      "std                 2.761             2.457              0.746   \n",
      "var                 7.625             6.036              0.556   \n",
      "\n",
      "       number_customer_service_calls  \n",
      "count                       5000.000  \n",
      "mean                           1.570  \n",
      "min                            0.000  \n",
      "max                            9.000  \n",
      "std                            1.306  \n",
      "var                            1.707  \n",
      "Sending Message: {\"cellValues\": [[\"total_day_minutes\", \"total_day_calls\", \"total_day_charge\", \"total_eve_calls\", \"number_vmail_messages\", \"total_eve_minutes\", \"total_eve_charge\", \"total_night_minutes\", \"total_night_calls\", \"total_night_charge\", \"total_intl_minutes\", \"total_intl_calls\", \"total_intl_charge\", \"number_customer_service_calls\"], [\"float64\", \"float64\", \"float64\", \"float64\", \"float64\", \"float64\", \"float64\", \"float64\", \"float64\", \"float64\", \"float64\", \"float64\", \"float64\", \"float64\"], [5000.0, 5000.0, 5000.0, 5000.0, 5000.0, 5000.0, 5000.0, 5000.0, 5000.0, 5000.0, 5000.0, 5000.0, 5000.0, 5000.0], [180.289, 100.029, 30.65, 100.191, 7.755, 200.637, 17.054, 200.392, 99.919, 9.018, 10.262, 4.435, 2.771, 1.57], [0.0, 0.0, 0.0, 0.0, 0.0, 0.0, 0.0, 0.0, 0.0, 0.0, 0.0, 0.0, 0.0, 0.0], [351.5, 165.0, 59.76, 170.0, 52.0, 363.7, 30.91, 395.0, 175.0, 17.77, 20.0, 20.0, 5.4, 9.0], [53.895, 19.831, 9.162, 19.826, 13.546, 50.551, 4.297, 50.528, 19.959, 2.274, 2.761, 2.457, 0.746, 1.306], [2904.639, 393.276, 83.944, 393.09, 183.505, 2555.435, 18.463, 2553.057, 398.349, 5.17, 7.625, 6.036, 0.556, 1.707]], \"id\": 9, \"name\": \"Pandas DataFrame\", \"title\": \"Summary Statistics for Filtered Data\", \"type\": \"table\", \"resultType\": 3, \"visibility\": \"EXPANDED\", \"time\": \"Aug 13, 2025 06:18:15 PM\"}\n",
      "Not sending message to fire_notebook server as the post back URL is not http\n",
      "\n",
      "Correlation Matrix:\n",
      "                                account_length  area_code  \\\n",
      "account_length                       1.000000  -0.018054   \n",
      "area_code                           -0.018054   1.000000   \n",
      "number_vmail_messages               -0.014575  -0.003399   \n",
      "total_day_minutes                   -0.001017  -0.019118   \n",
      "total_day_calls                      0.028240  -0.019314   \n",
      "total_day_charge                    -0.001019  -0.019119   \n",
      "total_eve_minutes                   -0.009591   0.007098   \n",
      "total_eve_calls                      0.009143  -0.012300   \n",
      "total_eve_charge                    -0.009587   0.007114   \n",
      "total_night_minutes                  0.000668   0.002084   \n",
      "total_night_calls                   -0.007825   0.014657   \n",
      "total_night_charge                   0.000656   0.002070   \n",
      "total_intl_minutes                   0.001291  -0.004154   \n",
      "total_intl_calls                     0.014277  -0.013623   \n",
      "total_intl_charge                    0.001292  -0.004219   \n",
      "number_customer_service_calls       -0.001445   0.020921   \n",
      "\n",
      "                               number_vmail_messages  total_day_minutes  \\\n",
      "account_length                             -0.014575          -0.001017   \n",
      "area_code                                  -0.003399          -0.019118   \n",
      "number_vmail_messages                       1.000000           0.005381   \n",
      "total_day_minutes                           0.005381           1.000000   \n",
      "total_day_calls                             0.000883           0.001935   \n",
      "total_day_charge                            0.005377           1.000000   \n",
      "total_eve_minutes                           0.019490          -0.010750   \n",
      "total_eve_calls                            -0.003954           0.008128   \n",
      "total_eve_charge                            0.019496          -0.010760   \n",
      "total_night_minutes                         0.005541           0.011799   \n",
      "total_night_calls                           0.002676           0.004236   \n",
      "total_night_charge                          0.005535           0.011783   \n",
      "total_intl_minutes                          0.002463          -0.019486   \n",
      "total_intl_calls                            0.000124          -0.001303   \n",
      "total_intl_charge                           0.002505          -0.019415   \n",
      "number_customer_service_calls              -0.007086           0.002733   \n",
      "\n",
      "                               total_day_calls  total_day_charge  \\\n",
      "account_length                        0.028240         -0.001019   \n",
      "area_code                            -0.019314         -0.019119   \n",
      "number_vmail_messages                 0.000883          0.005377   \n",
      "total_day_minutes                     0.001935          1.000000   \n",
      "total_day_calls                       1.000000          0.001936   \n",
      "total_day_charge                      0.001936          1.000000   \n",
      "total_eve_minutes                    -0.000699         -0.010747   \n",
      "total_eve_calls                       0.003754          0.008129   \n",
      "total_eve_charge                     -0.000695         -0.010757   \n",
      "total_night_minutes                   0.002804          0.011801   \n",
      "total_night_calls                    -0.008308          0.004235   \n",
      "total_night_charge                    0.002802          0.011785   \n",
      "total_intl_minutes                    0.013097         -0.019490   \n",
      "total_intl_calls                      0.010893         -0.001307   \n",
      "total_intl_charge                     0.013161         -0.019419   \n",
      "number_customer_service_calls        -0.010739          0.002726   \n",
      "\n",
      "                               total_eve_minutes  total_eve_calls  \\\n",
      "account_length                         -0.009591         0.009143   \n",
      "area_code                               0.007098        -0.012300   \n",
      "number_vmail_messages                   0.019490        -0.003954   \n",
      "total_day_minutes                      -0.010750         0.008128   \n",
      "total_day_calls                        -0.000699         0.003754   \n",
      "total_day_charge                       -0.010747         0.008129   \n",
      "total_eve_minutes                       1.000000         0.002763   \n",
      "total_eve_calls                         0.002763         1.000000   \n",
      "total_eve_charge                        1.000000         0.002778   \n",
      "total_night_minutes                    -0.016639         0.001781   \n",
      "total_night_calls                       0.013420        -0.013682   \n",
      "total_night_charge                     -0.016642         0.001799   \n",
      "total_intl_minutes                      0.000137        -0.007458   \n",
      "total_intl_calls                        0.008388         0.005574   \n",
      "total_intl_charge                       0.000159        -0.007507   \n",
      "number_customer_service_calls          -0.013823         0.006235   \n",
      "\n",
      "                               total_eve_charge  total_night_minutes  \\\n",
      "account_length                        -0.009587             0.000668   \n",
      "area_code                              0.007114             0.002084   \n",
      "number_vmail_messages                  0.019496             0.005541   \n",
      "total_day_minutes                     -0.010760             0.011799   \n",
      "total_day_calls                       -0.000695             0.002804   \n",
      "total_day_charge                      -0.010757             0.011801   \n",
      "total_eve_minutes                      1.000000            -0.016639   \n",
      "total_eve_calls                        0.002778             0.001781   \n",
      "total_eve_charge                       1.000000            -0.016649   \n",
      "total_night_minutes                   -0.016649             1.000000   \n",
      "total_night_calls                      0.013422             0.026972   \n",
      "total_night_charge                    -0.016652             0.999999   \n",
      "total_intl_minutes                     0.000132            -0.006721   \n",
      "total_intl_calls                       0.008393            -0.017214   \n",
      "total_intl_charge                      0.000155            -0.006655   \n",
      "number_customer_service_calls         -0.013836            -0.008533   \n",
      "\n",
      "                               total_night_calls  total_night_charge  \\\n",
      "account_length                         -0.007825            0.000656   \n",
      "area_code                               0.014657            0.002070   \n",
      "number_vmail_messages                   0.002676            0.005535   \n",
      "total_day_minutes                       0.004236            0.011783   \n",
      "total_day_calls                        -0.008308            0.002802   \n",
      "total_day_charge                        0.004235            0.011785   \n",
      "total_eve_minutes                       0.013420           -0.016642   \n",
      "total_eve_calls                        -0.013682            0.001799   \n",
      "total_eve_charge                        0.013422           -0.016652   \n",
      "total_night_minutes                     0.026972            0.999999   \n",
      "total_night_calls                       1.000000            0.026949   \n",
      "total_night_charge                      0.026949            1.000000   \n",
      "total_intl_minutes                      0.000391           -0.006717   \n",
      "total_intl_calls                       -0.000156           -0.017182   \n",
      "total_intl_charge                       0.000368           -0.006650   \n",
      "number_customer_service_calls          -0.008283           -0.008530   \n",
      "\n",
      "                               total_intl_minutes  total_intl_calls  \\\n",
      "account_length                           0.001291          0.014277   \n",
      "area_code                               -0.004154         -0.013623   \n",
      "number_vmail_messages                    0.002463          0.000124   \n",
      "total_day_minutes                       -0.019486         -0.001303   \n",
      "total_day_calls                          0.013097          0.010893   \n",
      "total_day_charge                        -0.019490         -0.001307   \n",
      "total_eve_minutes                        0.000137          0.008388   \n",
      "total_eve_calls                         -0.007458          0.005574   \n",
      "total_eve_charge                         0.000132          0.008393   \n",
      "total_night_minutes                     -0.006721         -0.017214   \n",
      "total_night_calls                        0.000391         -0.000156   \n",
      "total_night_charge                      -0.006717         -0.017182   \n",
      "total_intl_minutes                       1.000000          0.016791   \n",
      "total_intl_calls                         0.016791          1.000000   \n",
      "total_intl_charge                        0.999993          0.016900   \n",
      "number_customer_service_calls           -0.012122         -0.019147   \n",
      "\n",
      "                               total_intl_charge  \\\n",
      "account_length                          0.001292   \n",
      "area_code                              -0.004219   \n",
      "number_vmail_messages                   0.002505   \n",
      "total_day_minutes                      -0.019415   \n",
      "total_day_calls                         0.013161   \n",
      "total_day_charge                       -0.019419   \n",
      "total_eve_minutes                       0.000159   \n",
      "total_eve_calls                        -0.007507   \n",
      "total_eve_charge                        0.000155   \n",
      "total_night_minutes                    -0.006655   \n",
      "total_night_calls                       0.000368   \n",
      "total_night_charge                     -0.006650   \n",
      "total_intl_minutes                      0.999993   \n",
      "total_intl_calls                        0.016900   \n",
      "total_intl_charge                       1.000000   \n",
      "number_customer_service_calls          -0.012180   \n",
      "\n",
      "                               number_customer_service_calls  \n",
      "account_length                                     -0.001445  \n",
      "area_code                                           0.020921  \n",
      "number_vmail_messages                              -0.007086  \n",
      "total_day_minutes                                   0.002733  \n",
      "total_day_calls                                    -0.010739  \n",
      "total_day_charge                                    0.002726  \n",
      "total_eve_minutes                                  -0.013823  \n",
      "total_eve_calls                                     0.006235  \n",
      "total_eve_charge                                   -0.013836  \n",
      "total_night_minutes                                -0.008533  \n",
      "total_night_calls                                  -0.008283  \n",
      "total_night_charge                                 -0.008530  \n",
      "total_intl_minutes                                 -0.012122  \n",
      "total_intl_calls                                   -0.019147  \n",
      "total_intl_charge                                  -0.012180  \n",
      "number_customer_service_calls                       1.000000  \n",
      "Sending Message: {\"cellValues\": [[\"account_length\", \"area_code\", \"number_vmail_messages\", \"total_day_minutes\", \"total_day_calls\", \"total_day_charge\", \"total_eve_minutes\", \"total_eve_calls\", \"total_eve_charge\", \"total_night_minutes\", \"total_night_calls\", \"total_night_charge\", \"total_intl_minutes\", \"total_intl_calls\", \"total_intl_charge\", \"number_customer_service_calls\"], [\"float64\", \"float64\", \"float64\", \"float64\", \"float64\", \"float64\", \"float64\", \"float64\", \"float64\", \"float64\", \"float64\", \"float64\", \"float64\", \"float64\", \"float64\", \"float64\"], [1.0, -0.018054187431186045, -0.014574666267831002, -0.0010174908066805557, 0.028240227881464887, -0.0010191979614159459, -0.009591333137542665, 0.009142579036024275, -0.009587395822730571, 0.000667911182280422, -0.00782547848770571, 0.0006558936778097678, 0.001290839427459895, 0.014277273318296804, 0.001291811206270311, -0.0014447917651621565], [-0.018054187431186045, 1.0, -0.0033989830645153687, -0.01911824474505625, -0.019313854482629646, -0.019119255917649538, 0.0070978766487255806, -0.01229994728283027, 0.007114129758494931, 0.0020836263382525803, 0.01465684606608161, 0.0020702637383866905, -0.004153729199362986, -0.013623309325114517, -0.004219098627406811, 0.020920513338666333], [-0.014574666267831002, -0.0033989830645153687, 1.0, 0.005381375960654525, 0.0008831280067745973, 0.0053767958516914, 0.019490120754725556, -0.0039543728093618825, 0.01949597565315316, 0.005541383812742748, 0.002676220227255797, 0.005534928135168643, 0.0024627017675346186, 0.00012433024609732074, 0.002505177320644857, -0.007085642693096588], [-0.0010174908066805557, -0.01911824474505625, 0.005381375960654525, 1.0, 0.0019351486957893667, 0.9999999509831975, -0.010750427386866528, 0.008128130473126396, -0.010760021726227647, 0.011798659999244022, 0.0042360999072667445, 0.011782532764223022, -0.01948574632583264, -0.0013031234662255879, -0.01941479722841286, 0.0027325761618292054], [0.028240227881464887, -0.019313854482629646, 0.0008831280067745973, 0.0019351486957893667, 1.0, 0.0019358843646607251, -0.0006994114708042444, 0.003754178695284276, -0.0006952216752118381, 0.00280446497470731, -0.008308346717225579, 0.0028018168792725067, 0.013097219754673038, 0.010892853267709963, 0.013161397556250197, -0.010739495083121125], [-0.0010191979614159459, -0.019119255917649538, 0.0053767958516914, 0.9999999509831975, 0.0019358843646607251, 1.0, -0.010747296837522364, 0.008129319004161854, -0.010756893054787928, 0.011801433860012147, 0.004234933740255773, 0.01178530116313638, -0.01948970009749194, -0.001306635281505888, -0.019418754763562952, 0.002726370192473038], [-0.009591333137542665, 0.0070978766487255806, 0.019490120754725556, -0.010750427386866528, -0.0006994114708042444, -0.010747296837522364, 1.0, 0.002763019406749719, 0.9999997748632368, -0.01663911604411638, 0.013420216275055744, -0.016642042112908144, 0.00013654874558242691, 0.008388155877574145, 0.00015931551581446158, -0.013823422807747681], [0.009142579036024275, -0.01229994728283027, -0.0039543728093618825, 0.008128130473126396, 0.003754178695284276, 0.008129319004161854, 0.002763019406749719, 1.0, 0.0027780971147908554, 0.0017814105504447828, -0.01368234079745179, 0.0017993804229349112, -0.0074584583342127845, 0.005574499916987404, -0.007507150801103108, 0.006234830562523755], [-0.009587395822730571, 0.007114129758494931, 0.01949597565315316, -0.010760021726227647, -0.0006952216752118381, -0.010756893054787928, 0.9999997748632368, 0.0027780971147908554, 1.0, -0.016648919124572604, 0.013422017412690612, -0.016651836727282678, 0.00013202381422623718, 0.008393060331758835, 0.0001547783372188199, -0.013836362320991445], [0.000667911182280422, 0.0020836263382525803, 0.005541383812742748, 0.011798659999244022, 0.00280446497470731, 0.011801433860012147, -0.01663911604411638, 0.0017814105504447828, -0.016648919124572604, 1.0, 0.02697181822308513, 0.999999207186797, -0.006720966921597935, -0.01721401615173222, -0.006654587345714402, -0.008532536464559507]], \"id\": 9, \"name\": \"Pandas DataFrame\", \"title\": \"Correlation Matrix Table\", \"type\": \"table\", \"resultType\": 3, \"visibility\": \"EXPANDED\", \"time\": \"Aug 13, 2025 06:18:15 PM\"}\n",
      "Not sending message to fire_notebook server as the post back URL is not http\n"
     ]
    },
    {
     "data": {
